9 
747682376
867431828
897712902
480635631
796458213
 11
673616672
950229275
458218495
970583105
709844062
21
471356994
724458896
525319282
893623314
701387219
29
747887899
282694103
496475801
454534955
579651304
31
375968150
441818470
934410660
836926032
419643556
41
231928134
968480611
431511304
457491297
419203606 
49
480940947
365866249
276897879
798680022
743418108
51
353515372
564477192
227845923
748292977
357773914
61
413856579
504449110
702971972
902632838
994839265
69
782204831
248972097
271646880
390802133
710400721
71
778654670
926221356
672427782
747680574
482814005
81
752332172
398778330
268814861
407606021
489898321
89
700917340
523468790
905824654
577737974
440707450
91
477962552
628450848
932712754
330544675
514621448
101
899462257
427837916
501731249
992775062
980925156
109
326325436
377311464
447918661
611677792
880514956
111
998244399
312823504
664539079
404458005
954822259
121
651382841
510733956
534852747
354929202
531478204
129
336789276
378903052
904834332
939996547
508886714
131
562778318
206659003
950623349
472659589
970859104
141
948497214
496431683
828960629
468848852
347332630
149
472943569
578479406
886581061
767958917
573897910
151
415638362
754583023
891913513
219374076
504858022
161
608308519
784250173
831744366
963780914
995851691
169
364491298
596649307
243808056
491250756
961391077
171
356212203
487393823
712337872
618929678
867577838
181
399399648
446386816
945915556
928832138
633953079
